0.5898876404494382 0.5898876404494382 0.5856741573033708 0.6137640449438202
0.5898876404494382 0.5898876404494382 0.6095505617977528 0.5898876404494382
0.5898876404494382 0.5898876404494382 0.6657303370786517 0.5926966292134831
0.5898876404494382 0.5898876404494382 0.6938202247191011 0.5884831460674157
0.5898876404494382 0.5898876404494382 0.6292134831460674 0.5926966292134831
0.5898876404494382 0.5898876404494382 0.6769662921348314 0.5898876404494382
0.5898876404494382 0.6432584269662921 0.6924157303370786 0.6137640449438202
0.5912921348314607 0.6446629213483146 0.6573033707865168 0.6292134831460674
0.5898876404494382 0.6165730337078652 0.7120786516853932 0.625
0.5898876404494382 0.5898876404494382 0.7078651685393258 0.6362359550561798
0.5898876404494382 0.6601123595505618 0.7457865168539326 0.6502808988764045
0.5898876404494382 0.5912921348314607 0.7654494382022472 0.6446629213483146
0.5898876404494382 0.6165730337078652 0.6839887640449438 0.6446629213483146
0.5898876404494382 0.696629213483146 0.7837078651685393 0.6404494382022472
0.5898876404494382 0.6334269662921348 0.7415730337078652 0.6432584269662921
0.5898876404494382 0.6544943820224719 0.7485955056179775 0.6404494382022472
0.5898876404494382 0.6502808988764045 0.7654494382022472 0.6629213483146067
0.5898876404494382 0.601123595505618 0.7696629213483146 0.6924157303370786
0.5898876404494382 0.6615168539325843 0.7963483146067416 0.6952247191011236
0.5898876404494382 0.7401685393258427 0.7935393258426966 0.6910112359550562
0.5898876404494382 0.6418539325842696 0.8258426966292135 0.6952247191011236
0.5898876404494382 0.7008426966292135 0.8174157303370786 0.699438202247191
0.5898876404494382 0.6713483146067416 0.7893258426966292 0.7106741573033708
0.5898876404494382 0.7176966292134831 0.8202247191011236 0.7050561797752809
0.5898876404494382 0.6980337078651685 0.800561797752809 0.7162921348314607
0.5898876404494382 0.6713483146067416 0.8609550561797753 0.7275280898876404
0.5898876404494382 0.7247191011235955 0.8595505617977528 0.723314606741573
0.5898876404494382 0.6980337078651685 0.7682584269662921 0.7247191011235955
0.5898876404494382 0.5898876404494382 0.8398876404494382 0.7303370786516854
0.5898876404494382 0.5898876404494382 0.8693820224719101 0.7317415730337078
0.5898876404494382 0.7289325842696629 0.7640449438202247 0.7275280898876404
0.5898876404494382 0.7191011235955056 0.8609550561797753 0.7345505617977528
0.5898876404494382 0.7724719101123595 0.9002808988764045 0.723314606741573
0.5898876404494382 0.7345505617977528 0.9044943820224719 0.7317415730337078
0.5898876404494382 0.7008426966292135 0.8904494382022472 0.7247191011235955
0.5898876404494382 0.7415730337078652 0.8609550561797753 0.7275280898876404
0.5898876404494382 0.7205056179775281 0.7654494382022472 0.7415730337078652
0.5898876404494382 0.7036516853932584 0.9044943820224719 0.7317415730337078
0.5898876404494382 0.6657303370786517 0.9157303370786517 0.7373595505617977
0.5898876404494382 0.7949438202247191 0.8946629213483146 0.75
0.5898876404494382 0.821629213483146 0.8174157303370786 0.7176966292134831
0.5898876404494382 0.6193820224719101 0.8665730337078651 0.7401685393258427
0.5898876404494382 0.8075842696629213 0.8679775280898876 0.7317415730337078
0.5898876404494382 0.7134831460674157 0.8595505617977528 0.7373595505617977
0.5898876404494382 0.7879213483146067 0.9185393258426966 0.7528089887640449
0.5898876404494382 0.7429775280898876 0.9087078651685393 0.75
0.5898876404494382 0.773876404494382 0.9185393258426966 0.7429775280898876
0.5898876404494382 0.7373595505617977 0.922752808988764 0.7542134831460674
0.5898876404494382 0.8300561797752809 0.9185393258426966 0.7612359550561798
0.5898876404494382 0.821629213483146 0.9283707865168539 0.7514044943820225
