0.41151685393258425 0.6882022471910112 0.5758426966292135 0.5814606741573034
0.5898876404494382 0.7008426966292135 0.6334269662921348 0.5955056179775281
0.5800561797752809 0.6910112359550562 0.6601123595505618 0.6067415730337078
0.5042134831460674 0.7191011235955056 0.6839887640449438 0.6039325842696629
0.5941011235955056 0.7275280898876404 0.6811797752808989 0.6193820224719101
0.5898876404494382 0.7584269662921348 0.696629213483146 0.622191011235955
0.5898876404494382 0.6573033707865168 0.7050561797752809 0.6320224719101123
0.4101123595505618 0.8047752808988764 0.7008426966292135 0.6306179775280899
0.5898876404494382 0.7851123595505618 0.7289325842696629 0.6390449438202247
0.5912921348314607 0.8188202247191011 0.7247191011235955 0.6432584269662921
0.5912921348314607 0.7991573033707865 0.7359550561797753 0.6474719101123595
0.5898876404494382 0.8441011235955056 0.7387640449438202 0.6362359550561798
0.5898876404494382 0.8132022471910112 0.7556179775280899 0.6446629213483146
0.5898876404494382 0.7921348314606741 0.7612359550561798 0.6474719101123595
0.5898876404494382 0.8061797752808989 0.7710674157303371 0.651685393258427
0.5912921348314607 0.747191011235955 0.75 0.648876404494382
0.5969101123595505 0.8272471910112359 0.7851123595505618 0.6558988764044944
0.43258426966292135 0.8735955056179775 0.7851123595505618 0.6544943820224719
0.5898876404494382 0.8553370786516854 0.7949438202247191 0.6587078651685393
0.5898876404494382 0.8820224719101123 0.8019662921348314 0.6573033707865168
0.5898876404494382 0.8890449438202247 0.8188202247191011 0.6460674157303371
0.5898876404494382 0.8820224719101123 0.8061797752808989 0.6643258426966292
0.5898876404494382 0.922752808988764 0.7893258426966292 0.6699438202247191
0.5898876404494382 0.9171348314606741 0.8300561797752809 0.6587078651685393
0.5884831460674157 0.8862359550561798 0.8258426966292135 0.6601123595505618
0.5884831460674157 0.9101123595505618 0.8300561797752809 0.6643258426966292
0.5898876404494382 0.9410112359550562 0.7963483146067416 0.6713483146067416
0.5898876404494382 0.9480337078651685 0.8328651685393258 0.672752808988764
0.5884831460674157 0.9536516853932584 0.848314606741573 0.6699438202247191
0.5969101123595505 0.9325842696629213 0.8497191011235955 0.6671348314606741
0.5898876404494382 0.9550561797752809 0.8497191011235955 0.6699438202247191
0.5898876404494382 0.9269662921348314 0.848314606741573 0.6713483146067416
0.5898876404494382 0.9522471910112359 0.8497191011235955 0.672752808988764
0.5898876404494382 0.9606741573033708 0.848314606741573 0.6783707865168539
0.5898876404494382 0.8974719101123595 0.8665730337078651 0.6657303370786517
0.5898876404494382 0.8300561797752809 0.8623595505617977 0.6853932584269663
0.5898876404494382 0.9522471910112359 0.8595505617977528 0.6699438202247191
0.5898876404494382 0.9662921348314606 0.8525280898876404 0.6797752808988764
0.5898876404494382 0.9480337078651685 0.8778089887640449 0.6811797752808989
0.5898876404494382 0.9592696629213483 0.8328651685393258 0.6825842696629213
0.5898876404494382 0.9719101123595505 0.8834269662921348 0.6825842696629213
0.5898876404494382 0.9719101123595505 0.8806179775280899 0.6825842696629213
0.5941011235955056 0.9101123595505618 0.8946629213483146 0.6853932584269663
0.5926966292134831 0.9775280898876404 0.9073033707865168 0.6910112359550562
0.5898876404494382 0.9789325842696629 0.8862359550561798 0.6853932584269663
0.5898876404494382 0.9676966292134831 0.8960674157303371 0.6938202247191011
0.5898876404494382 0.973314606741573 0.9073033707865168 0.6910112359550562
0.5926966292134831 0.9803370786516854 0.9058988764044944 0.6938202247191011
0.5898876404494382 0.976123595505618 0.9101123595505618 0.6910112359550562
0.5955056179775281 0.973314606741573 0.8932584269662921 0.6938202247191011
